a <- 1:10
b <- "73"

a[5] <- b
a
