myVector <- c(12, 1:15, 23, 45:91, 23:16)
myVector
